0.4487 0.4487 0.4487 0.4487 0.4487 0.4487 0.4487 0.4487 0.4487 0.4487 0.4487 0.4487
0.4513 0.4513 0.4513 0.4513 0.4513 0.4513 0.4513 0.4513 0.4513 0.4513 0.4513 0.4513
0.4539 0.4539 0.4539 0.4539 0.4539 0.4539 0.4539 0.4539 0.4539 0.4539 0.4539 0.4539
0.4565 0.4565 0.4565 0.4565 0.4565 0.4565 0.4565 0.4565 0.4565 0.4565 0.4565 0.4565
0.4592 0.4592 0.4592 0.4592 0.4592 0.4592 0.4592 0.4592 0.4592 0.4592 0.4592 0.4592
0.4619 0.4619 0.4619 0.4619 0.4619 0.4619 0.4619 0.4619 0.4619 0.4619 0.4619 0.4619
0.4646 0.4646 0.4646 0.4646 0.4646 0.4646 0.4646 0.4646 0.4646 0.4646 0.4646 0.4646
0.4673 0.4673 0.4673 0.4673 0.4673 0.4673 0.4673 0.4673 0.4673 0.4673 0.4673 0.4673
0.4701 0.4701 0.4701 0.4701 0.4701 0.4701 0.4701 0.4701 0.4701 0.4701 0.4701 0.4701
0.4730 0.4730 0.4730 0.4730 0.4730 0.4730 0.4730 0.4730 0.4730 0.4730 0.4730 0.4730
0.4758 0.4758 0.4758 0.4758 0.4758 0.4758 0.4758 0.4758 0.4758 0.4758 0.4758 0.4758
0.4788 0.4788 0.4788 0.4788 0.4788 0.4788 0.4788 0.4788 0.4788 0.4788 0.4788 0.4788
0.4817 0.4817 0.4817 0.4817 0.4817 0.4817 0.4817 0.4817 0.4817 0.4817 0.4817 0.4817
0.4847 0.4847 0.4847 0.4847 0.4847 0.4847 0.4847 0.4847 0.4847 0.4847 0.4847 0.4847
0.4877 0.4877 0.4877 0.4877 0.4877 0.4877 0.4877 0.4877 0.4877 0.4877 0.4877 0.4877
0.4908 0.4908 0.4908 0.4908 0.4908 0.4908 0.4908 0.4908 0.4908 0.4908 0.4908 0.4908
0.4939 0.4939 0.4939 0.4939 0.4939 0.4939 0.4939 0.4939 0.4939 0.4939 0.4939 0.4939
0.4970 0.4970 0.4970 0.4970 0.4970 0.4970 0.4970 0.4970 0.4970 0.4970 0.4970 0.4970
0.5002 0.5002 0.5002 0.5002 0.5002 0.5002 0.5002 0.5002 0.5002 0.5002 0.5002 0.5002
0.5034 0.5034 0.5034 0.5034 0.5034 0.5034 0.5034 0.5034 0.5034 0.5034 0.5034 0.5034
0.5067 0.5067 0.5067 0.5067 0.5067 0.5067 0.5067 0.5067 0.5067 0.5067 0.5067 0.5067
0.5100 0.5100 0.5100 0.5100 0.5100 0.5100 0.5100 0.5100 0.5100 0.5100 0.5100 0.5100
0.5134 0.5134 0.5134 0.5134 0.5134 0.5134 0.5134 0.5134 0.5134 0.5134 0.5134 0.5134
0.5168 0.5168 0.5168 0.5168 0.5168 0.5168 0.5168 0.5168 0.5168 0.5168 0.5168 0.5168
0.5202 0.5202 0.5202 0.5202 0.5202 0.5202 0.5202 0.5202 0.5202 0.5202 0.5202 0.5202
0.5238 0.5238 0.5238 0.5238 0.5238 0.5238 0.5238 0.5238 0.5238 0.5238 0.5238 0.5238
0.5273 0.5273 0.5273 0.5273 0.5273 0.5273 0.5273 0.5273 0.5273 0.5273 0.5273 0.5273
0.5309 0.5309 0.5309 0.5309 0.5309 0.5309 0.5309 0.5309 0.5309 0.5309 0.5309 0.5309
0.5346 0.5346 0.5346 0.5346 0.5346 0.5346 0.5346 0.5346 0.5346 0.5346 0.5346 0.5346
0.5383 0.5383 0.5383 0.5383 0.5383 0.5383 0.5383 0.5383 0.5383 0.5383 0.5383 0.5383
0.5420 0.5420 0.5420 0.5420 0.5420 0.5420 0.5420 0.5420 0.5420 0.5420 0.5420 0.5420
0.5459 0.5459 0.5459 0.5459 0.5459 0.5459 0.5459 0.5459 0.5459 0.5459 0.5459 0.5459
0.5497 0.5497 0.5497 0.5497 0.5497 0.5497 0.5497 0.5497 0.5497 0.5497 0.5497 0.5497
0.5537 0.5537 0.5537 0.5537 0.5537 0.5537 0.5537 0.5537 0.5537 0.5537 0.5537 0.5537
0.5577 0.5577 0.5577 0.5577 0.5577 0.5577 0.5577 0.5577 0.5577 0.5577 0.5577 0.5577
0.5617 0.5617 0.5617 0.5617 0.5617 0.5617 0.5617 0.5617 0.5617 0.5617 0.5617 0.5617
0.5658 0.5658 0.5658 0.5658 0.5658 0.5658 0.5658 0.5658 0.5658 0.5658 0.5658 0.5658
0.5700 0.5700 0.5700 0.5700 0.5700 0.5700 0.5700 0.5700 0.5700 0.5700 0.5700 0.5700
0.5743 0.5743 0.5743 0.5743 0.5743 0.5743 0.5743 0.5743 0.5743 0.5743 0.5743 0.5743
0.5786 0.5786 0.5786 0.5786 0.5786 0.5786 0.5786 0.5786 0.5786 0.5786 0.5786 0.5786
0.5829 0.5829 0.5829 0.5829 0.5829 0.5829 0.5829 0.5829 0.5829 0.5829 0.5829 0.5829
0.5874 0.5874 0.5874 0.5874 0.5874 0.5874 0.5874 0.5874 0.5874 0.5874 0.5874 0.5874
0.5919 0.5919 0.5919 0.5919 0.5919 0.5919 0.5919 0.5919 0.5919 0.5919 0.5919 0.5919
0.5965 0.5965 0.5965 0.5965 0.5965 0.5965 0.5965 0.5965 0.5965 0.5965 0.5965 0.5965
0.6012 0.6012 0.6012 0.6012 0.6012 0.6012 0.6012 0.6012 0.6012 0.6012 0.6012 0.6012
0.6059 0.6059 0.6059 0.6059 0.6059 0.6059 0.6059 0.6059 0.6059 0.6059 0.6059 0.6059
0.6107 0.6107 0.6107 0.6107 0.6107 0.6107 0.6107 0.6107 0.6107 0.6107 0.6107 0.6107
0.6156 0.6156 0.6156 0.6156 0.6156 0.6156 0.6156 0.6156 0.6156 0.6156 0.6156 0.6156
0.6206 0.6206 0.6206 0.6206 0.6206 0.6206 0.6206 0.6206 0.6206 0.6206 0.6206 0.6206
0.6257 0.6257 0.6257 0.6257 0.6257 0.6257 0.6257 0.6257 0.6257 0.6257 0.6257 0.6257
0.6308 0.6308 0.6308 0.6308 0.6308 0.6308 0.6308 0.6308 0.6308 0.6308 0.6308 0.6308
0.6361 0.6361 0.6361 0.6361 0.6361 0.6361 0.6361 0.6361 0.6361 0.6361 0.6361 0.6361
0.6414 0.6414 0.6414 0.6414 0.6414 0.6414 0.6414 0.6414 0.6414 0.6414 0.6414 0.6414
0.6468 0.6468 0.6468 0.6468 0.6468 0.6468 0.6468 0.6468 0.6468 0.6468 0.6468 0.6468
0.6523 0.6523 0.6523 0.6523 0.6523 0.6523 0.6523 0.6523 0.6523 0.6523 0.6523 0.6523
0.6579 0.6579 0.6579 0.6579 0.6579 0.6579 0.6579 0.6579 0.6579 0.6579 0.6579 0.6579
0.6637 0.6637 0.6637 0.6637 0.6637 0.6637 0.6637 0.6637 0.6637 0.6637 0.6637 0.6637
0.6695 0.6695 0.6695 0.6695 0.6695 0.6695 0.6695 0.6695 0.6695 0.6695 0.6695 0.6695
0.6754 0.6754 0.6754 0.6754 0.6754 0.6754 0.6754 0.6754 0.6754 0.6754 0.6754 0.6754
0.6815 0.6815 0.6815 0.6815 0.6815 0.6815 0.6815 0.6815 0.6815 0.6815 0.6815 0.6815
0.6876 0.6876 0.6876 0.6876 0.6876 0.6876 0.6876 0.6876 0.6876 0.6876 0.6876 0.6876
0.6939 0.6939 0.6939 0.6939 0.6939 0.6939 0.6939 0.6939 0.6939 0.6939 0.6939 0.6939
0.7002 0.7002 0.7002 0.7002 0.7002 0.7002 0.7002 0.7002 0.7002 0.7002 0.7002 0.7002
0.7068 0.7068 0.7068 0.7068 0.7068 0.7068 0.7068 0.7068 0.7068 0.7068 0.7068 0.7068
0.7134 0.7134 0.7134 0.7134 0.7134 0.7134 0.7134 0.7134 0.7134 0.7134 0.7134 0.7134
0.7201 0.7201 0.7201 0.7201 0.7201 0.7201 0.7201 0.7201 0.7201 0.7201 0.7201 0.7201
0.7270 0.7270 0.7270 0.7270 0.7270 0.7270 0.7270 0.7270 0.7270 0.7270 0.7270 0.7270
0.7341 0.7341 0.7341 0.7341 0.7341 0.7341 0.7341 0.7341 0.7341 0.7341 0.7341 0.7341
0.7412 0.7412 0.7412 0.7412 0.7412 0.7412 0.7412 0.7412 0.7412 0.7412 0.7412 0.7412
0.7486 0.7486 0.7486 0.7486 0.7486 0.7486 0.7486 0.7486 0.7486 0.7486 0.7486 0.7486
0.7560 0.7560 0.7560 0.7560 0.7560 0.7560 0.7560 0.7560 0.7560 0.7560 0.7560 0.7560
0.7637 0.7637 0.7637 0.7637 0.7637 0.7637 0.7637 0.7637 0.7637 0.7637 0.7637 0.7637
0.7714 0.7714 0.7714 0.7714 0.7714 0.7714 0.7714 0.7714 0.7714 0.7714 0.7714 0.7714
0.7794 0.7794 0.7794 0.7794 0.7794 0.7794 0.7794 0.7794 0.7794 0.7794 0.7794 0.7794
0.7875 0.7875 0.7875 0.7875 0.7875 0.7875 0.7875 0.7875 0.7875 0.7875 0.7875 0.7875
0.7958 0.7958 0.7958 0.7958 0.7958 0.7958 0.7958 0.7958 0.7958 0.7958 0.7958 0.7958
0.8043 0.8043 0.8043 0.8043 0.8043 0.8043 0.8043 0.8043 0.8043 0.8043 0.8043 0.8043
0.8129 0.8129 0.8129 0.8129 0.8129 0.8129 0.8129 0.8129 0.8129 0.8129 0.8129 0.8129
0.8218 0.8218 0.8218 0.8218 0.8218 0.8218 0.8218 0.8218 0.8218 0.8218 0.8218 0.8218
0.8308 0.8308 0.8308 0.8308 0.8308 0.8308 0.8308 0.8308 0.8308 0.8308 0.8308 0.8308
0.8401 0.8401 0.8401 0.8401 0.8401 0.8401 0.8401 0.8401 0.8401 0.8401 0.8401 0.8401
0.8496 0.8496 0.8496 0.8496 0.8496 0.8496 0.8496 0.8496 0.8496 0.8496 0.8496 0.8496
0.8593 0.8593 0.8593 0.8593 0.8593 0.8593 0.8593 0.8593 0.8593 0.8593 0.8593 0.8593
0.8692 0.8692 0.8692 0.8692 0.8692 0.8692 0.8692 0.8692 0.8692 0.8692 0.8692 0.8692
0.8793 0.8793 0.8793 0.8793 0.8793 0.8793 0.8793 0.8793 0.8793 0.8793 0.8793 0.8793
0.8898 0.8898 0.8898 0.8898 0.8898 0.8898 0.8898 0.8898 0.8898 0.8898 0.8898 0.8898
0.9004 0.9004 0.9004 0.9004 0.9004 0.9004 0.9004 0.9004 0.9004 0.9004 0.9004 0.9004
0.9113 0.9113 0.9113 0.9113 0.9113 0.9113 0.9113 0.9113 0.9113 0.9113 0.9113 0.9113
0.9225 0.9225 0.9225 0.9225 0.9225 0.9225 0.9225 0.9225 0.9225 0.9225 0.9225 0.9225
0.9340 0.9340 0.9340 0.9340 0.9340 0.9340 0.9340 0.9340 0.9340 0.9340 0.9340 0.9340
0.9458 0.9458 0.9458 0.9458 0.9458 0.9458 0.9458 0.9458 0.9458 0.9458 0.9458 0.9458
0.9579 0.9579 0.9579 0.9579 0.9579 0.9579 0.9579 0.9579 0.9579 0.9579 0.9579 0.9579
0.9703 0.9703 0.9703 0.9703 0.9703 0.9703 0.9703 0.9703 0.9703 0.9703 0.9703 0.9703
0.9831 0.9831 0.9831 0.9831 0.9831 0.9831 0.9831 0.9831 0.9831 0.9831 0.9831 0.9831
0.9961 0.9961 0.9961 0.9961 0.9961 0.9961 0.9961 0.9961 0.9961 0.9961 0.9961 0.9961
1.0096 1.0096 1.0096 1.0096 1.0096 1.0096 1.0096 1.0096 1.0096 1.0096 1.0096 1.0096
1.0234 1.0234 1.0234 1.0234 1.0234 1.0234 1.0234 1.0234 1.0234 1.0234 1.0234 1.0234
1.0376 1.0376 1.0376 1.0376 1.0376 1.0376 1.0376 1.0376 1.0376 1.0376 1.0376 1.0376
1.0522 1.0522 1.0522 1.0522 1.0522 1.0522 1.0522 1.0522 1.0522 1.0522 1.0522 1.0522
1.0673 1.0673 1.0673 1.0673 1.0673 1.0673 1.0673 1.0673 1.0673 1.0673 1.0673 1.0673
1.0828 1.0828 1.0828 1.0828 1.0828 1.0828 1.0828 1.0828 1.0828 1.0828 1.0828 1.0828
1.0987 1.0987 1.0987 1.0987 1.0987 1.0987 1.0987 1.0987 1.0987 1.0987 1.0987 1.0987
1.1152 1.1152 1.1152 1.1152 1.1152 1.1152 1.1152 1.1152 1.1152 1.1152 1.1152 1.1152
1.1321 1.1321 1.1321 1.1321 1.1321 1.1321 1.1321 1.1321 1.1321 1.1321 1.1321 1.1321
1.1496 1.1496 1.1496 1.1496 1.1496 1.1496 1.1496 1.1496 1.1496 1.1496 1.1496 1.1496
1.1676 1.1676 1.1676 1.1676 1.1676 1.1676 1.1676 1.1676 1.1676 1.1676 1.1676 1.1676
1.1863 1.1863 1.1863 1.1863 1.1863 1.1863 1.1863 1.1863 1.1863 1.1863 1.1863 1.1863
1.2055 1.2055 1.2055 1.2055 1.2055 1.2055 1.2055 1.2055 1.2055 1.2055 1.2055 1.2055
1.2254 1.2254 1.2254 1.2254 1.2254 1.2254 1.2254 1.2254 1.2254 1.2254 1.2254 1.2254
1.2459 1.2459 1.2459 1.2459 1.2459 1.2459 1.2459 1.2459 1.2459 1.2459 1.2459 1.2459
1.2672 1.2672 1.2672 1.2672 1.2672 1.2672 1.2672 1.2672 1.2672 1.2672 1.2672 1.2672
1.2892 1.2892 1.2892 1.2892 1.2892 1.2892 1.2892 1.2892 1.2892 1.2892 1.2892 1.2892
1.3120 1.3120 1.3120 1.3120 1.3120 1.3120 1.3120 1.3120 1.3120 1.3120 1.3120 1.3120
1.3356 1.3356 1.3356 1.3356 1.3356 1.3356 1.3356 1.3356 1.3356 1.3356 1.3356 1.3356
1.3601 1.3601 1.3601 1.3601 1.3601 1.3601 1.3601 1.3601 1.3601 1.3601 1.3601 1.3601
1.3855 1.3855 1.3855 1.3855 1.3855 1.3855 1.3855 1.3855 1.3855 1.3855 1.3855 1.3855
1.4119 1.4119 1.4119 1.4119 1.4119 1.4119 1.4119 1.4119 1.4119 1.4119 1.4119 1.4119
1.4394 1.4394 1.4394 1.4394 1.4394 1.4394 1.4394 1.4394 1.4394 1.4394 1.4394 1.4394
1.4679 1.4679 1.4679 1.4679 1.4679 1.4679 1.4679 1.4679 1.4679 1.4679 1.4679 1.4679
1.4976 1.4976 1.4976 1.4976 1.4976 1.4976 1.4976 1.4976 1.4976 1.4976 1.4976 1.4976
1.5285 1.5285 1.5285 1.5285 1.5285 1.5285 1.5285 1.5285 1.5285 1.5285 1.5285 1.5285
1.5608 1.5608 1.5608 1.5608 1.5608 1.5608 1.5608 1.5608 1.5608 1.5608 1.5608 1.5608
1.5944 1.5944 1.5944 1.5944 1.5944 1.5944 1.5944 1.5944 1.5944 1.5944 1.5944 1.5944
1.6296 1.6296 1.6296 1.6296 1.6296 1.6296 1.6296 1.6296 1.6296 1.6296 1.6296 1.6296
1.6663 1.6663 1.6663 1.6663 1.6663 1.6663 1.6663 1.6663 1.6663 1.6663 1.6663 1.6663
1.7048 1.7048 1.7048 1.7048 1.7048 1.7048 1.7048 1.7048 1.7048 1.7048 1.7048 1.7048
1.7451 1.7451 1.7451 1.7451 1.7451 1.7451 1.7451 1.7451 1.7451 1.7451 1.7451 1.7451
1.7873 1.7873 1.7873 1.7873 1.7873 1.7873 1.7873 1.7873 1.7873 1.7873 1.7873 1.7873
1.8316 1.8316 1.8316 1.8316 1.8316 1.8316 1.8316 1.8316 1.8316 1.8316 1.8316 1.8316
1.8782 1.8782 1.8782 1.8782 1.8782 1.8782 1.8782 1.8782 1.8782 1.8782 1.8782 1.8782
1.9272 1.9272 1.9272 1.9272 1.9272 1.9272 1.9272 1.9272 1.9272 1.9272 1.9272 1.9272
1.9789 1.9789 1.9789 1.9789 1.9789 1.9789 1.9789 1.9789 1.9789 1.9789 1.9789 1.9789
2.0334 2.0334 2.0334 2.0334 2.0334 2.0334 2.0334 2.0334 2.0334 2.0334 2.0334 2.0334
2.0910 2.0910 2.0910 2.0910 2.0910 2.0910 2.0910 2.0910 2.0910 2.0910 2.0910 2.0910
2.1519 2.1519 2.1519 2.1519 2.1519 2.1519 2.1519 2.1519 2.1519 2.1519 2.1519 2.1519
2.2165 2.2165 2.2165 2.2165 2.2165 2.2165 2.2165 2.2165 2.2165 2.2165 2.2165 2.2165
2.2851 2.2851 2.2851 2.2851 2.2851 2.2851 2.2851 2.2851 2.2851 2.2851 2.2851 2.2851
2.3580 2.3580 2.3580 2.3580 2.3580 2.3580 2.3580 2.3580 2.3580 2.3580 2.3580 2.3580
2.4357 2.4357 2.4357 2.4357 2.4357 2.4357 2.4357 2.4357 2.4357 2.4357 2.4357 2.4357
2.5187 2.5187 2.5187 2.5187 2.5187 2.5187 2.5187 2.5187 2.5187 2.5187 2.5187 2.5187
2.6074 2.6074 2.6074 2.6074 2.6074 2.6074 2.6074 2.6074 2.6074 2.6074 2.6074 2.6074
2.7026 2.7026 2.7026 2.7026 2.7026 2.7026 2.7026 2.7026 2.7026 2.7026 2.7026 2.7026
2.8049 2.8049 2.8049 2.8049 2.8049 2.8049 2.8049 2.8049 2.8049 2.8049 2.8049 2.8049
2.9151 2.9151 2.9151 2.9151 2.9151 2.9151 2.9151 2.9151 2.9151 2.9151 2.9151 2.9151
3.0341 3.0341 3.0341 3.0341 3.0341 3.0341 3.0341 3.0341 3.0341 3.0341 3.0341 3.0341
3.1631 3.1631 3.1631 3.1631 3.1631 3.1631 3.1631 3.1631 3.1631 3.1631 3.1631 3.1631
3.3033 3.3033 3.3033 3.3033 3.3033 3.3033 3.3033 3.3033 3.3033 3.3033 3.3033 3.3033
3.4562 3.4562 3.4562 3.4562 3.4562 3.4562 3.4562 3.4562 3.4562 3.4562 3.4562 3.4562
3.6234 3.6234 3.6234 3.6234 3.6234 3.6234 3.6234 3.6234 3.6234 3.6234 3.6234 3.6234
3.8071 3.8071 3.8071 3.8071 3.8071 3.8071 3.8071 3.8071 3.8071 3.8071 3.8071 3.8071
4.0096 4.0096 4.0096 4.0096 4.0096 4.0096 4.0096 4.0096 4.0096 4.0096 4.0096 4.0096
4.2338 4.2338 4.2338 4.2338 4.2338 4.2338 4.2338 4.2338 4.2338 4.2338 4.2338 4.2338
4.4833 4.4833 4.4833 4.4833 4.4833 4.4833 4.4833 4.4833 4.4833 4.4833 4.4833 4.4833
4.7620 4.7620 4.7620 4.7620 4.7620 4.7620 4.7620 4.7620 4.7620 4.7620 4.7620 4.7620
5.0752 5.0752 5.0752 5.0752 5.0752 5.0752 5.0752 5.0752 5.0752 5.0752 5.0752 5.0752
5.4287 5.4287 5.4287 5.4287 5.4287 5.4287 5.4287 5.4287 5.4287 5.4287 5.4287 5.4287
5.8300 5.8300 5.8300 5.8300 5.8300 5.8300 5.8300 5.8300 5.8300 5.8300 5.8300 5.8300
6.2876 6.2876 6.2876 6.2876 6.2876 6.2876 6.2876 6.2876 6.2876 6.2876 6.2876 6.2876
6.8119 6.8119 6.8119 6.8119 6.8119 6.8119 6.8119 6.8119 6.8119 6.8119 6.8119 6.8119
7.4143 7.4143 7.4143 7.4143 7.4143 7.4143 7.4143 7.4143 7.4143 7.4143 7.4143 7.4143
8.1068 8.1068 8.1068 8.1068 8.1068 8.1068 8.1068 8.1068 8.1068 8.1068 8.1068 8.1068
8.8993 8.8993 8.8993 8.8993 8.8993 8.8993 8.8993 8.8993 8.8993 8.8993 8.8993 8.8993
9.7948 9.7948 9.7948 9.7948 9.7948 9.7948 9.7948 9.7948 9.7948 9.7948 9.7948 9.7948
10.7791 10.7791 10.7791 10.7791 10.7791 10.7791 10.7791 10.7791 10.7791 10.7791 10.7791 10.7791
11.8037 11.8037 11.8037 11.8037 11.8037 11.8037 11.8037 11.8037 11.8037 11.8037 11.8037 11.8037
12.7661 12.7661 12.7661 12.7661 12.7661 12.7661 12.7661 12.7661 12.7661 12.7661 12.7661 12.7661
13.5045 13.5045 13.5045 13.5045 13.5045 13.5045 13.5045 13.5045 13.5045 13.5045 13.5045 13.5045
13.8409 13.8409 13.8409 13.8409 13.8409 13.8409 13.8409 13.8409 13.8409 13.8409 13.8409 13.8409
13.6761 13.6761 13.6761 13.6761 13.6761 13.6761 13.6761 13.6761 13.6761 13.6761 13.6761 13.6761
13.0591 13.0590 13.0591 13.0591 13.0590 13.0591 13.0591 13.0590 13.0591 13.0591 13.0590 13.0591
12.1516 12.1516 12.1516 12.1516 12.1516 12.1516 12.1516 12.1516 12.1516 12.1516 12.1516 12.1516
11.1300 11.1300 11.1300 11.1300 11.1300 11.1300 11.1300 11.1300 11.1300 11.1300 11.1300 11.1300
10.1194 10.1194 10.1194 10.1194 10.1194 10.1194 10.1194 10.1194 10.1194 10.1194 10.1194 10.1194
9.1857 9.1857 9.1857 9.1857 9.1857 9.1857 9.1857 9.1857 9.1857 9.1857 9.1857 9.1857
8.3532 8.3532 8.3532 8.3532 8.3532 8.3532 8.3532 8.3532 8.3532 8.3532 8.3532 8.3532
7.6236 7.6236 7.6236 7.6236 7.6236 7.6236 7.6236 7.6236 7.6236 7.6236 7.6236 7.6236
6.9885 6.9885 6.9885 6.9885 6.9885 6.9885 6.9885 6.9885 6.9885 6.9885 6.9885 6.9885
6.4361 6.4361 6.4361 6.4361 6.4361 6.4361 6.4361 6.4361 6.4361 6.4361 6.4361 6.4361
5.9546 5.9546 5.9546 5.9546 5.9546 5.9546 5.9546 5.9546 5.9546 5.9546 5.9546 5.9546
5.5332 5.5332 5.5332 5.5332 5.5332 5.5332 5.5332 5.5332 5.5332 5.5332 5.5332 5.5332
5.1627 5.1627 5.1627 5.1627 5.1627 5.1627 5.1627 5.1627 5.1627 5.1627 5.1627 5.1627
4.8351 4.8351 4.8351 4.8351 4.8351 4.8351 4.8351 4.8351 4.8351 4.8351 4.8351 4.8351
4.5441 4.5441 4.5441 4.5441 4.5441 4.5441 4.5441 4.5441 4.5441 4.5441 4.5441 4.5441
4.2842 4.2842 4.2842 4.2842 4.2842 4.2842 4.2842 4.2842 4.2842 4.2842 4.2842 4.2842
4.0510 4.0510 4.0510 4.0510 4.0510 4.0510 4.0510 4.0510 4.0510 4.0510 4.0510 4.0510
3.8407 3.8407 3.8407 3.8407 3.8407 3.8407 3.8407 3.8407 3.8407 3.8407 3.8407 3.8407
3.6503 3.6503 3.6503 3.6503 3.6503 3.6503 3.6503 3.6503 3.6503 3.6503 3.6503 3.6503
3.4771 3.4771 3.4771 3.4771 3.4771 3.4771 3.4771 3.4771 3.4771 3.4771 3.4771 3.4771
3.3191 3.3191 3.3191 3.3191 3.3191 3.3191 3.3191 3.3191 3.3191 3.3191 3.3191 3.3191
3.1744 3.1744 3.1744 3.1744 3.1744 3.1744 3.1744 3.1744 3.1744 3.1744 3.1744 3.1744
3.0414 3.0414 3.0414 3.0414 3.0414 3.0414 3.0414 3.0414 3.0414 3.0414 3.0414 3.0414
2.9187 2.9187 2.9187 2.9187 2.9187 2.9187 2.9187 2.9187 2.9187 2.9187 2.9187 2.9187
2.8053 2.8053 2.8053 2.8053 2.8053 2.8053 2.8053 2.8053 2.8053 2.8053 2.8053 2.8053
2.7002 2.7002 2.7002 2.7002 2.7002 2.7002 2.7002 2.7002 2.7002 2.7002 2.7002 2.7002
2.6025 2.6025 2.6025 2.6025 2.6025 2.6025 2.6025 2.6025 2.6025 2.6025 2.6025 2.6025
2.5114 2.5114 2.5114 2.5114 2.5114 2.5114 2.5114 2.5114 2.5114 2.5114 2.5114 2.5114
2.4263 2.4263 2.4263 2.4263 2.4263 2.4263 2.4263 2.4263 2.4263 2.4263 2.4263 2.4263
2.3467 2.3467 2.3467 2.3467 2.3467 2.3467 2.3467 2.3467 2.3467 2.3467 2.3467 2.3467
2.2721 2.2721 2.2721 2.2721 2.2721 2.2721 2.2721 2.2721 2.2721 2.2721 2.2721 2.2721
2.2019 2.2019 2.2019 2.2019 2.2019 2.2019 2.2019 2.2019 2.2019 2.2019 2.2019 2.2019
2.1359 2.1359 2.1359 2.1359 2.1359 2.1359 2.1359 2.1359 2.1359 2.1359 2.1359 2.1359
2.0736 2.0736 2.0736 2.0736 2.0736 2.0736 2.0736 2.0736 2.0736 2.0736 2.0736 2.0736
2.0148 2.0148 2.0148 2.0148 2.0148 2.0148 2.0148 2.0148 2.0148 2.0148 2.0148 2.0148
1.9592 1.9592 1.9592 1.9592 1.9592 1.9592 1.9592 1.9592 1.9592 1.9592 1.9592 1.9592
1.9065 1.9065 1.9065 1.9065 1.9065 1.9065 1.9065 1.9065 1.9065 1.9065 1.9065 1.9065
1.8565 1.8565 1.8565 1.8565 1.8565 1.8565 1.8565 1.8565 1.8565 1.8565 1.8565 1.8565
1.8090 1.8090 1.8090 1.8090 1.8090 1.8090 1.8090 1.8090 1.8090 1.8090 1.8090 1.8090
1.7638 1.7638 1.7638 1.7638 1.7638 1.7638 1.7638 1.7638 1.7638 1.7638 1.7638 1.7638
1.7208 1.7208 1.7208 1.7208 1.7208 1.7208 1.7208 1.7208 1.7208 1.7208 1.7208 1.7208
1.6798 1.6798 1.6798 1.6798 1.6798 1.6798 1.6798 1.6798 1.6798 1.6798 1.6798 1.6798
1.6407 1.6407 1.6407 1.6407 1.6407 1.6407 1.6407 1.6407 1.6407 1.6407 1.6407 1.6407
1.6034 1.6034 1.6034 1.6034 1.6034 1.6034 1.6034 1.6034 1.6034 1.6034 1.6034 1.6034
1.5676 1.5676 1.5676 1.5676 1.5676 1.5676 1.5676 1.5676 1.5676 1.5676 1.5676 1.5676
1.5334 1.5334 1.5334 1.5334 1.5334 1.5334 1.5334 1.5334 1.5334 1.5334 1.5334 1.5334
1.5007 1.5007 1.5007 1.5007 1.5007 1.5007 1.5007 1.5007 1.5007 1.5007 1.5007 1.5007
1.4692 1.4692 1.4692 1.4692 1.4692 1.4692 1.4692 1.4692 1.4692 1.4692 1.4692 1.4692
1.4391 1.4391 1.4391 1.4391 1.4391 1.4391 1.4391 1.4391 1.4391 1.4391 1.4391 1.4391
1.4101 1.4101 1.4101 1.4101 1.4101 1.4101 1.4101 1.4101 1.4101 1.4101 1.4101 1.4101
1.3823 1.3823 1.3823 1.3823 1.3823 1.3823 1.3823 1.3823 1.3823 1.3823 1.3823 1.3823
1.3555 1.3555 1.3555 1.3555 1.3555 1.3555 1.3555 1.3555 1.3555 1.3555 1.3555 1.3555
1.3297 1.3297 1.3297 1.3297 1.3297 1.3297 1.3297 1.3297 1.3297 1.3297 1.3297 1.3297
1.3049 1.3049 1.3049 1.3049 1.3049 1.3049 1.3049 1.3049 1.3049 1.3049 1.3049 1.3049
1.2809 1.2809 1.2809 1.2809 1.2809 1.2809 1.2809 1.2809 1.2809 1.2809 1.2809 1.2809
1.2578 1.2578 1.2578 1.2578 1.2578 1.2578 1.2578 1.2578 1.2578 1.2578 1.2578 1.2578
1.2355 1.2355 1.2355 1.2355 1.2355 1.2355 1.2355 1.2355 1.2355 1.2355 1.2355 1.2355
1.2140 1.2140 1.2140 1.2140 1.2140 1.2140 1.2140 1.2140 1.2140 1.2140 1.2140 1.2140
1.1932 1.1932 1.1932 1.1932 1.1932 1.1932 1.1932 1.1932 1.1932 1.1932 1.1932 1.1932
1.1731 1.1731 1.1731 1.1731 1.1731 1.1731 1.1731 1.1731 1.1731 1.1731 1.1731 1.1731
1.1536 1.1536 1.1536 1.1536 1.1536 1.1536 1.1536 1.1536 1.1536 1.1536 1.1536 1.1536
1.1348 1.1348 1.1348 1.1348 1.1348 1.1348 1.1348 1.1348 1.1348 1.1348 1.1348 1.1348
1.1165 1.1165 1.1165 1.1165 1.1165 1.1165 1.1165 1.1165 1.1165 1.1165 1.1165 1.1165
1.0988 1.0988 1.0988 1.0988 1.0988 1.0988 1.0988 1.0988 1.0988 1.0988 1.0988 1.0988
1.0817 1.0817 1.0817 1.0817 1.0817 1.0817 1.0817 1.0817 1.0817 1.0817 1.0817 1.0817
1.0651 1.0651 1.0651 1.0651 1.0651 1.0651 1.0651 1.0651 1.0651 1.0651 1.0651 1.0651
1.0489 1.0489 1.0489 1.0489 1.0489 1.0489 1.0489 1.0489 1.0489 1.0489 1.0489 1.0489
1.0333 1.0333 1.0333 1.0333 1.0333 1.0333 1.0333 1.0333 1.0333 1.0333 1.0333 1.0333
1.0180 1.0180 1.0180 1.0180 1.0180 1.0180 1.0180 1.0180 1.0180 1.0180 1.0180 1.0180
1.0033 1.0033 1.0033 1.0033 1.0033 1.0033 1.0033 1.0033 1.0033 1.0033 1.0033 1.0033
0.9889 0.9889 0.9889 0.9889 0.9889 0.9889 0.9889 0.9889 0.9889 0.9889 0.9889 0.9889
0.9749 0.9749 0.9749 0.9749 0.9749 0.9749 0.9749 0.9749 0.9749 0.9749 0.9749 0.9749
0.9614 0.9614 0.9614 0.9614 0.9614 0.9614 0.9614 0.9614 0.9614 0.9614 0.9614 0.9614
0.9481 0.9481 0.9481 0.9481 0.9481 0.9481 0.9481 0.9481 0.9481 0.9481 0.9481 0.9481
0.9353 0.9353 0.9353 0.9353 0.9353 0.9353 0.9353 0.9353 0.9353 0.9353 0.9353 0.9353
0.9227 0.9227 0.9227 0.9227 0.9227 0.9227 0.9227 0.9227 0.9227 0.9227 0.9227 0.9227
0.9105 0.9105 0.9105 0.9105 0.9105 0.9105 0.9105 0.9105 0.9105 0.9105 0.9105 0.9105
0.8986 0.8986 0.8986 0.8986 0.8986 0.8986 0.8986 0.8986 0.8986 0.8986 0.8986 0.8986
0.8870 0.8870 0.8870 0.8870 0.8870 0.8870 0.8870 0.8870 0.8870 0.8870 0.8870 0.8870
0.8757 0.8757 0.8757 0.8757 0.8757 0.8757 0.8757 0.8757 0.8757 0.8757 0.8757 0.8757
0.8647 0.8647 0.8647 0.8647 0.8647 0.8647 0.8647 0.8647 0.8647 0.8647 0.8647 0.8647
0.8539 0.8539 0.8539 0.8539 0.8539 0.8539 0.8539 0.8539 0.8539 0.8539 0.8539 0.8539
0.8434 0.8434 0.8434 0.8434 0.8434 0.8434 0.8434 0.8434 0.8434 0.8434 0.8434 0.8434
0.8332 0.8332 0.8332 0.8332 0.8332 0.8332 0.8332 0.8332 0.8332 0.8332 0.8332 0.8332
0.8232 0.8232 0.8232 0.8232 0.8232 0.8232 0.8232 0.8232 0.8232 0.8232 0.8232 0.8232
0.8134 0.8134 0.8134 0.8134 0.8134 0.8134 0.8134 0.8134 0.8134 0.8134 0.8134 0.8134
0.8038 0.8038 0.8038 0.8038 0.8038 0.8038 0.8038 0.8038 0.8038 0.8038 0.8038 0.8038
0.7945 0.7945 0.7945 0.7945 0.7945 0.7945 0.7945 0.7945 0.7945 0.7945 0.7945 0.7945
0.7854 0.7854 0.7854 0.7854 0.7854 0.7854 0.7854 0.7854 0.7854 0.7854 0.7854 0.7854
0.7764 0.7764 0.7764 0.7764 0.7764 0.7764 0.7764 0.7764 0.7764 0.7764 0.7764 0.7764
0.7677 0.7677 0.7677 0.7677 0.7677 0.7677 0.7677 0.7677 0.7677 0.7677 0.7677 0.7677
0.7592 0.7592 0.7592 0.7592 0.7592 0.7592 0.7592 0.7592 0.7592 0.7592 0.7592 0.7592
0.7508 0.7508 0.7508 0.7508 0.7508 0.7508 0.7508 0.7508 0.7508 0.7508 0.7508 0.7508
0.7426 0.7426 0.7426 0.7426 0.7426 0.7426 0.7426 0.7426 0.7426 0.7426 0.7426 0.7426
0.7346 0.7346 0.7346 0.7346 0.7346 0.7346 0.7346 0.7346 0.7346 0.7346 0.7346 0.7346
0.7268 0.7268 0.7268 0.7268 0.7268 0.7268 0.7268 0.7268 0.7268 0.7268 0.7268 0.7268
0.7191 0.7191 0.7191 0.7191 0.7191 0.7191 0.7191 0.7191 0.7191 0.7191 0.7191 0.7191
0.7116 0.7116 0.7116 0.7116 0.7116 0.7116 0.7116 0.7116 0.7116 0.7116 0.7116 0.7116
0.7042 0.7042 0.7042 0.7042 0.7042 0.7042 0.7042 0.7042 0.7042 0.7042 0.7042 0.7042
0.6970 0.6970 0.6970 0.6970 0.6970 0.6970 0.6970 0.6970 0.6970 0.6970 0.6970 0.6970
0.6899 0.6899 0.6899 0.6899 0.6899 0.6899 0.6899 0.6899 0.6899 0.6899 0.6899 0.6899
0.6829 0.6829 0.6829 0.6829 0.6829 0.6829 0.6829 0.6829 0.6829 0.6829 0.6829 0.6829
0.6761 0.6761 0.6761 0.6761 0.6761 0.6761 0.6761 0.6761 0.6761 0.6761 0.6761 0.6761
0.6694 0.6694 0.6694 0.6694 0.6694 0.6694 0.6694 0.6694 0.6694 0.6694 0.6694 0.6694
0.6629 0.6629 0.6629 0.6629 0.6629 0.6629 0.6629 0.6629 0.6629 0.6629 0.6629 0.6629
0.6565 0.6565 0.6565 0.6565 0.6565 0.6565 0.6565 0.6565 0.6565 0.6565 0.6565 0.6565
0.6501 0.6501 0.6501 0.6501 0.6501 0.6501 0.6501 0.6501 0.6501 0.6501 0.6501 0.6501
0.6439 0.6439 0.6439 0.6439 0.6439 0.6439 0.6439 0.6439 0.6439 0.6439 0.6439 0.6439
0.6379 0.6379 0.6379 0.6379 0.6379 0.6379 0.6379 0.6379 0.6379 0.6379 0.6379 0.6379
0.6319 0.6319 0.6319 0.6319 0.6319 0.6319 0.6319 0.6319 0.6319 0.6319 0.6319 0.6319
0.6260 0.6260 0.6260 0.6260 0.6260 0.6260 0.6260 0.6260 0.6260 0.6260 0.6260 0.6260
0.6203 0.6203 0.6203 0.6203 0.6203 0.6203 0.6203 0.6203 0.6203 0.6203 0.6203 0.6203
0.6146 0.6146 0.6146 0.6146 0.6146 0.6146 0.6146 0.6146 0.6146 0.6146 0.6146 0.6146
0.6091 0.6091 0.6091 0.6091 0.6091 0.6091 0.6091 0.6091 0.6091 0.6091 0.6091 0.6091
0.6036 0.6036 0.6036 0.6036 0.6036 0.6036 0.6036 0.6036 0.6036 0.6036 0.6036 0.6036
0.5983 0.5983 0.5983 0.5983 0.5983 0.5983 0.5983 0.5983 0.5983 0.5983 0.5983 0.5983
0.5930 0.5930 0.5930 0.5930 0.5930 0.5930 0.5930 0.5930 0.5930 0.5930 0.5930 0.5930
0.5878 0.5878 0.5878 0.5878 0.5878 0.5878 0.5878 0.5878 0.5878 0.5878 0.5878 0.5878
0.5827 0.5827 0.5827 0.5827 0.5827 0.5827 0.5827 0.5827 0.5827 0.5827 0.5827 0.5827
0.5777 0.5777 0.5777 0.5777 0.5777 0.5777 0.5777 0.5777 0.5777 0.5777 0.5777 0.5777
0.5728 0.5728 0.5728 0.5728 0.5728 0.5728 0.5728 0.5728 0.5728 0.5728 0.5728 0.5728
0.5679 0.5679 0.5679 0.5679 0.5679 0.5679 0.5679 0.5679 0.5679 0.5679 0.5679 0.5679
0.5631 0.5631 0.5631 0.5631 0.5631 0.5631 0.5631 0.5631 0.5631 0.5631 0.5631 0.5631
0.5584 0.5584 0.5584 0.5584 0.5584 0.5584 0.5584 0.5584 0.5584 0.5584 0.5584 0.5584
0.5538 0.5538 0.5538 0.5538 0.5538 0.5538 0.5538 0.5538 0.5538 0.5538 0.5538 0.5538
0.5493 0.5493 0.5493 0.5493 0.5493 0.5493 0.5493 0.5493 0.5493 0.5493 0.5493 0.5493
0.5448 0.5448 0.5448 0.5448 0.5448 0.5448 0.5448 0.5448 0.5448 0.5448 0.5448 0.5448
0.5404 0.5404 0.5404 0.5404 0.5404 0.5404 0.5404 0.5404 0.5404 0.5404 0.5404 0.5404
0.5361 0.5361 0.5361 0.5361 0.5361 0.5361 0.5361 0.5361 0.5361 0.5361 0.5361 0.5361
0.5318 0.5318 0.5318 0.5318 0.5318 0.5318 0.5318 0.5318 0.5318 0.5318 0.5318 0.5318
0.5276 0.5276 0.5276 0.5276 0.5276 0.5276 0.5276 0.5276 0.5276 0.5276 0.5276 0.5276
0.5235 0.5235 0.5235 0.5235 0.5235 0.5235 0.5235 0.5235 0.5235 0.5235 0.5235 0.5235
0.5194 0.5194 0.5194 0.5194 0.5194 0.5194 0.5194 0.5194 0.5194 0.5194 0.5194 0.5194
0.5154 0.5154 0.5154 0.5154 0.5154 0.5154 0.5154 0.5154 0.5154 0.5154 0.5154 0.5154
0.5114 0.5114 0.5114 0.5114 0.5114 0.5114 0.5114 0.5114 0.5114 0.5114 0.5114 0.5114
0.5075 0.5075 0.5075 0.5075 0.5075 0.5075 0.5075 0.5075 0.5075 0.5075 0.5075 0.5075
0.5037 0.5037 0.5037 0.5037 0.5037 0.5037 0.5037 0.5037 0.5037 0.5037 0.5037 0.5037
0.4999 0.4999 0.4999 0.4999 0.4999 0.4999 0.4999 0.4999 0.4999 0.4999 0.4999 0.4999
0.4962 0.4962 0.4962 0.4962 0.4962 0.4962 0.4962 0.4962 0.4962 0.4962 0.4962 0.4962
0.4925 0.4925 0.4925 0.4925 0.4925 0.4925 0.4925 0.4925 0.4925 0.4925 0.4925 0.4925
0.4888 0.4888 0.4888 0.4888 0.4888 0.4888 0.4888 0.4888 0.4888 0.4888 0.4888 0.4888
0.4853 0.4853 0.4853 0.4853 0.4853 0.4853 0.4853 0.4853 0.4853 0.4853 0.4853 0.4853
0.4818 0.4818 0.4818 0.4818 0.4818 0.4818 0.4818 0.4818 0.4818 0.4818 0.4818 0.4818
0.4783 0.4783 0.4783 0.4783 0.4783 0.4783 0.4783 0.4783 0.4783 0.4783 0.4783 0.4783
0.4748 0.4748 0.4748 0.4748 0.4748 0.4748 0.4748 0.4748 0.4748 0.4748 0.4748 0.4748
0.4715 0.4715 0.4715 0.4715 0.4715 0.4715 0.4715 0.4715 0.4715 0.4715 0.4715 0.4715
0.4681 0.4681 0.4681 0.4681 0.4681 0.4681 0.4681 0.4681 0.4681 0.4681 0.4681 0.4681
0.4648 0.4648 0.4648 0.4648 0.4648 0.4648 0.4648 0.4648 0.4648 0.4648 0.4648 0.4648
0.4616 0.4616 0.4616 0.4616 0.4616 0.4616 0.4616 0.4616 0.4616 0.4616 0.4616 0.4616
0.4584 0.4584 0.4584 0.4584 0.4584 0.4584 0.4584 0.4584 0.4584 0.4584 0.4584 0.4584
0.4552 0.4552 0.4552 0.4552 0.4552 0.4552 0.4552 0.4552 0.4552 0.4552 0.4552 0.4552
0.4521 0.4521 0.4521 0.4521 0.4521 0.4521 0.4521 0.4521 0.4521 0.4521 0.4521 0.4521
0.4490 0.4490 0.4490 0.4490 0.4490 0.4490 0.4490 0.4490 0.4490 0.4490 0.4490 0.4490
0.4460 0.4460 0.4460 0.4460 0.4460 0.4460 0.4460 0.4460 0.4460 0.4460 0.4460 0.4460
0.4430 0.4430 0.4430 0.4430 0.4430 0.4430 0.4430 0.4430 0.4430 0.4430 0.4430 0.4430
0.4400 0.4400 0.4400 0.4400 0.4400 0.4400 0.4400 0.4400 0.4400 0.4400 0.4400 0.4400
0.4371 0.4371 0.4371 0.4371 0.4371 0.4371 0.4371 0.4371 0.4371 0.4371 0.4371 0.4371
0.4342 0.4342 0.4342 0.4342 0.4342 0.4342 0.4342 0.4342 0.4342 0.4342 0.4342 0.4342
0.4314 0.4314 0.4314 0.4314 0.4314 0.4314 0.4314 0.4314 0.4314 0.4314 0.4314 0.4314
0.4286 0.4286 0.4286 0.4286 0.4286 0.4286 0.4286 0.4286 0.4286 0.4286 0.4286 0.4286
0.4258 0.4258 0.4258 0.4258 0.4258 0.4258 0.4258 0.4258 0.4258 0.4258 0.4258 0.4258
0.4231 0.4231 0.4231 0.4231 0.4231 0.4231 0.4231 0.4231 0.4231 0.4231 0.4231 0.4231
0.4203 0.4203 0.4203 0.4203 0.4203 0.4203 0.4203 0.4203 0.4203 0.4203 0.4203 0.4203
0.4177 0.4177 0.4177 0.4177 0.4177 0.4177 0.4177 0.4177 0.4177 0.4177 0.4177 0.4177
0.4150 0.4150 0.4150 0.4150 0.4150 0.4150 0.4150 0.4150 0.4150 0.4150 0.4150 0.4150
0.4124 0.4124 0.4124 0.4124 0.4124 0.4124 0.4124 0.4124 0.4124 0.4124 0.4124 0.4124
0.4098 0.4098 0.4098 0.4098 0.4098 0.4098 0.4098 0.4098 0.4098 0.4098 0.4098 0.4098
0.4073 0.4073 0.4073 0.4073 0.4073 0.4073 0.4073 0.4073 0.4073 0.4073 0.4073 0.4073
0.4048 0.4048 0.4048 0.4048 0.4048 0.4048 0.4048 0.4048 0.4048 0.4048 0.4048 0.4048
0.4023 0.4023 0.4023 0.4023 0.4023 0.4023 0.4023 0.4023 0.4023 0.4023 0.4023 0.4023
0.3998 0.3998 0.3998 0.3998 0.3998 0.3998 0.3998 0.3998 0.3998 0.3998 0.3998 0.3998
0.3974 0.3974 0.3974 0.3974 0.3974 0.3974 0.3974 0.3974 0.3974 0.3974 0.3974 0.3974
0.3950 0.3950 0.3950 0.3950 0.3950 0.3950 0.3950 0.3950 0.3950 0.3950 0.3950 0.3950
0.3926 0.3926 0.3926 0.3926 0.3926 0.3926 0.3926 0.3926 0.3926 0.3926 0.3926 0.3926
0.3902 0.3902 0.3902 0.3902 0.3902 0.3902 0.3902 0.3902 0.3902 0.3902 0.3902 0.3902
0.3879 0.3879 0.3879 0.3879 0.3879 0.3879 0.3879 0.3879 0.3879 0.3879 0.3879 0.3879
0.3856 0.3856 0.3856 0.3856 0.3856 0.3856 0.3856 0.3856 0.3856 0.3856 0.3856 0.3856
0.3833 0.3833 0.3833 0.3833 0.3833 0.3833 0.3833 0.3833 0.3833 0.3833 0.3833 0.3833
0.3811 0.3811 0.3811 0.3811 0.3811 0.3811 0.3811 0.3811 0.3811 0.3811 0.3811 0.3811
0.3789 0.3789 0.3789 0.3789 0.3789 0.3789 0.3789 0.3789 0.3789 0.3789 0.3789 0.3789
0.3767 0.3767 0.3767 0.3767 0.3767 0.3767 0.3767 0.3767 0.3767 0.3767 0.3767 0.3767
0.3745 0.3745 0.3745 0.3745 0.3745 0.3745 0.3745 0.3745 0.3745 0.3745 0.3745 0.3745
0.3724 0.3724 0.3724 0.3724 0.3724 0.3724 0.3724 0.3724 0.3724 0.3724 0.3724 0.3724
0.3702 0.3702 0.3702 0.3702 0.3702 0.3702 0.3702 0.3702 0.3702 0.3702 0.3702 0.3702
0.3681 0.3681 0.3681 0.3681 0.3681 0.3681 0.3681 0.3681 0.3681 0.3681 0.3681 0.3681
0.3661 0.3661 0.3661 0.3661 0.3661 0.3661 0.3661 0.3661 0.3661 0.3661 0.3661 0.3661
0.3640 0.3640 0.3640 0.3640 0.3640 0.3640 0.3640 0.3640 0.3640 0.3640 0.3640 0.3640
0.3620 0.3620 0.3620 0.3620 0.3620 0.3620 0.3620 0.3620 0.3620 0.3620 0.3620 0.3620
0.3600 0.3600 0.3600 0.3600 0.3600 0.3600 0.3600 0.3600 0.3600 0.3600 0.3600 0.3600
0.3580 0.3580 0.3580 0.3580 0.3580 0.3580 0.3580 0.3580 0.3580 0.3580 0.3580 0.3580
0.3560 0.3560 0.3560 0.3560 0.3560 0.3560 0.3560 0.3560 0.3560 0.3560 0.3560 0.3560
0.3540 0.3540 0.3540 0.3540 0.3540 0.3540 0.3540 0.3540 0.3540 0.3540 0.3540 0.3540
0.3521 0.3521 0.3521 0.3521 0.3521 0.3521 0.3521 0.3521 0.3521 0.3521 0.3521 0.3521
0.3502 0.3502 0.3502 0.3502 0.3502 0.3502 0.3502 0.3502 0.3502 0.3502 0.3502 0.3502
0.3483 0.3483 0.3483 0.3483 0.3483 0.3483 0.3483 0.3483 0.3483 0.3483 0.3483 0.3483
0.3464 0.3464 0.3464 0.3464 0.3464 0.3464 0.3464 0.3464 0.3464 0.3464 0.3464 0.3464
0.3446 0.3446 0.3446 0.3446 0.3446 0.3446 0.3446 0.3446 0.3446 0.3446 0.3446 0.3446
0.3428 0.3428 0.3428 0.3428 0.3428 0.3428 0.3428 0.3428 0.3428 0.3428 0.3428 0.3428
0.3409 0.3409 0.3409 0.3409 0.3409 0.3409 0.3409 0.3409 0.3409 0.3409 0.3409 0.3409
0.3391 0.3391 0.3391 0.3391 0.3391 0.3391 0.3391 0.3391 0.3391 0.3391 0.3391 0.3391
0.3374 0.3374 0.3374 0.3374 0.3374 0.3374 0.3374 0.3374 0.3374 0.3374 0.3374 0.3374
0.3356 0.3356 0.3356 0.3356 0.3356 0.3356 0.3356 0.3356 0.3356 0.3356 0.3356 0.3356
0.3339 0.3339 0.3339 0.3339 0.3339 0.3339 0.3339 0.3339 0.3339 0.3339 0.3339 0.3339
0.3321 0.3321 0.3321 0.3321 0.3321 0.3321 0.3321 0.3321 0.3321 0.3321 0.3321 0.3321
0.3304 0.3304 0.3304 0.3304 0.3304 0.3304 0.3304 0.3304 0.3304 0.3304 0.3304 0.3304
0.3287 0.3287 0.3287 0.3287 0.3287 0.3287 0.3287 0.3287 0.3287 0.3287 0.3287 0.3287
0.3271 0.3271 0.3271 0.3271 0.3271 0.3271 0.3271 0.3271 0.3271 0.3271 0.3271 0.3271
0.3254 0.3254 0.3254 0.3254 0.3254 0.3254 0.3254 0.3254 0.3254 0.3254 0.3254 0.3254
0.3237 0.3237 0.3237 0.3237 0.3237 0.3237 0.3237 0.3237 0.3237 0.3237 0.3237 0.3237
0.3221 0.3221 0.3221 0.3221 0.3221 0.3221 0.3221 0.3221 0.3221 0.3221 0.3221 0.3221
0.3205 0.3205 0.3205 0.3205 0.3205 0.3205 0.3205 0.3205 0.3205 0.3205 0.3205 0.3205
0.3189 0.3189 0.3189 0.3189 0.3189 0.3189 0.3189 0.3189 0.3189 0.3189 0.3189 0.3189
0.3173 0.3173 0.3173 0.3173 0.3173 0.3173 0.3173 0.3173 0.3173 0.3173 0.3173 0.3173
0.3158 0.3158 0.3158 0.3158 0.3158 0.3158 0.3158 0.3158 0.3158 0.3158 0.3158 0.3158
0.3142 0.3142 0.3142 0.3142 0.3142 0.3142 0.3142 0.3142 0.3142 0.3142 0.3142 0.3142
0.3127 0.3127 0.3127 0.3127 0.3127 0.3127 0.3127 0.3127 0.3127 0.3127 0.3127 0.3127
0.3111 0.3111 0.3111 0.3111 0.3111 0.3111 0.3111 0.3111 0.3111 0.3111 0.3111 0.3111
0.3096 0.3096 0.3096 0.3096 0.3096 0.3096 0.3096 0.3096 0.3096 0.3096 0.3096 0.3096
0.3081 0.3081 0.3081 0.3081 0.3081 0.3081 0.3081 0.3081 0.3081 0.3081 0.3081 0.3081
0.3066 0.3066 0.3066 0.3066 0.3066 0.3066 0.3066 0.3066 0.3066 0.3066 0.3066 0.3066
0.3052 0.3052 0.3052 0.3052 0.3052 0.3052 0.3052 0.3052 0.3052 0.3052 0.3052 0.3052
0.3037 0.3037 0.3037 0.3037 0.3037 0.3037 0.3037 0.3037 0.3037 0.3037 0.3037 0.3037
0.3023 0.3023 0.3023 0.3023 0.3023 0.3023 0.3023 0.3023 0.3023 0.3023 0.3023 0.3023
0.3008 0.3008 0.3008 0.3008 0.3008 0.3008 0.3008 0.3008 0.3008 0.3008 0.3008 0.3008
0.2994 0.2994 0.2994 0.2994 0.2994 0.2994 0.2994 0.2994 0.2994 0.2994 0.2994 0.2994
0.2980 0.2980 0.2980 0.2980 0.2980 0.2980 0.2980 0.2980 0.2980 0.2980 0.2980 0.2980
0.2966 0.2966 0.2966 0.2966 0.2966 0.2966 0.2966 0.2966 0.2966 0.2966 0.2966 0.2966
0.2952 0.2952 0.2952 0.2952 0.2952 0.2952 0.2952 0.2952 0.2952 0.2952 0.2952 0.2952
0.2939 0.2939 0.2939 0.2939 0.2939 0.2939 0.2939 0.2939 0.2939 0.2939 0.2939 0.2939
0.2925 0.2925 0.2925 0.2925 0.2925 0.2925 0.2925 0.2925 0.2925 0.2925 0.2925 0.2925
0.2912 0.2912 0.2912 0.2912 0.2912 0.2912 0.2912 0.2912 0.2912 0.2912 0.2912 0.2912
0.2898 0.2898 0.2898 0.2898 0.2898 0.2898 0.2898 0.2898 0.2898 0.2898 0.2898 0.2898
