0.3021 0.2929 -0.2636 -0.3406 -0.0906 -0.2066 0.0782 0.3185 0.5751 -0.2700 -0.0704 0.2192
-0.1348 0.5350 -0.3336 0.0108 -0.1583 0.4236 -0.1285 -0.0593 0.3600 -0.3873 -0.1692 0.0642
-0.5121 0.1894 -0.3170 0.0378 0.3904 -0.2108 0.0342 0.3131 0.1402 0.0264 -0.0381 0.5076
-0.5126 -0.3299 -0.1093 0.2039 0.3341 0.1151 -0.0173 0.2613 -0.0384 -0.4365 0.2828 0.0537
-0.1974 -0.0516 0.1038 -0.3072 -0.2079 0.2432 -0.2694 -0.0826 0.6684 0.0378 -0.0173 -0.3307
-0.1130 0.0169 0.1731 0.0776 0.1251 -0.7215 0.1065 0.0626 0.5139 0.0330 0.0343 -0.0386
-0.2740 0.1476 0.1904 0.0698 0.4818 -0.0695 -0.1052 -0.3132 0.4828 0.1482 -0.3636 0.0509
0.5379 -0.1410 0.3555 -0.0029 -0.0569 0.0934 0.0811 -0.1067 -0.4137 0.1915 -0.4100 0.1176
-0.0127 -0.1260 0.1306 0.4824 0.1756 0.5916 0.2121 0.0121 0.1830 -0.1153 0.2453 -0.4395
-0.2926 0.0046 0.2511 0.0542 0.1181 0.4567 -0.2869 -0.0466 -0.1105 -0.4115 -0.3660 -0.3906
0.1885 -0.3379 0.2785 0.0015 0.5976 0.2390 0.2905 0.1544 0.2550 0.2241 -0.3728 -0.0811
-0.3917 -0.1695 0.0214 -0.2538 -0.4055 0.0765 0.1370 -0.1636 0.3115 -0.0231 0.4444 -0.3347
0.0748 -0.0874 -0.0896 0.3310 -0.1970 -0.2810 -0.2174 0.6524 0.0381 0.0204 0.2398 -0.2154
-0.4116 0.0444 -0.0361 -0.4795 0.1723 0.3077 0.2431 -0.2069 -0.0934 -0.3295 0.0956 0.2823
-0.1324 0.1138 0.2714 0.1368 -0.6721 -0.1639 0.3067 -0.1254 -0.1772 -0.1225 -0.1865 0.2231
-0.4042 -0.1305 -0.1944 -0.3061 0.0412 0.1919 0.4246 0.0470 0.1248 0.1009 -0.4257 0.2827
0.6284 0.0090 0.3635 0.1133 0.0075 0.0441 -0.0555 -0.2950 -0.2212 0.3196 -0.2528 0.1029
0.1938 -0.2936 -0.2177 0.3342 -0.4623 0.3715 0.2784 0.0349 0.1598 0.1821 0.1417 -0.1868
0.3591 0.0743 0.0253 -0.1264 0.2924 0.3059 -0.0532 -0.2558 -0.2228 -0.5732 0.0063 0.1485
0.1129 0.3351 -0.4737 -0.4221 -0.5078 -0.2877 -0.0410 -0.1392 0.2032 -0.0248 -0.0563 -0.0068
0.0964 0.1368 0.4988 -0.2108 -0.0497 0.1410 0.0277 -0.1319 -0.3823 0.1146 -0.0739 0.5339
0.3621 -0.6612 -0.0830 0.1999 0.1498 0.0289 0.0777 0.1677 -0.1527 0.2318 -0.0312 0.1924
0.0647 0.2514 0.1167 0.4516 0.2485 -0.0831 -0.5397 -0.1524 0.1754 -0.1086 0.1065 -0.2165
0.3989 0.2722 0.3917 -0.0002 0.1334 -0.1643 0.1049 0.2244 -0.0593 -0.2355 -0.3113 -0.3527
-0.3870 0.2611 0.2942 -0.0191 0.1520 0.1801 -0.4347 -0.1511 0.1817 -0.3570 0.1544 0.0228
-0.1033 -0.0204 -0.2216 -0.4391 -0.1406 0.1657 -0.1908 0.0836 0.1427 -0.5903 -0.2474 0.3296
0.2180 -0.1640 -0.0958 0.1241 -0.3171 0.2158 -0.0721 -0.1197 0.4370 -0.1383 -0.5001 0.1591
-0.0874 -0.5165 0.0031 -0.3298 0.1442 -0.2881 0.2683 0.0034 0.2424 -0.0173 0.3465 -0.1149
0.2728 -0.0939 -0.4436 0.1433 0.2661 -0.3928 0.1764 0.1850 -0.1280 0.2989 -0.1863 0.0148
0.0655 -0.0096 -0.1144 0.2451 0.3366 -0.0173 -0.2854 -0.3211 -0.1800 -0.2065 -0.0595 0.5236
